8 0.7973928179687501 0.42284998263888884 0.03119385156250001 0.06238770138888891
8 0.1910623375 0.2790116673611111 0.04679077656250002 0.07971761805555559
8 0.63557471484375 0.45491032847222224 0.025345003124999987 0.039858809722222256
8 0.5224970042968751 0.4297819472222222 0.025345003906249986 0.017329916666666712
7 0.5561278765625 0.4445123770833334 0.006823654687500014 0.02252889305555554
7 0.49325277031250003 0.42544946875000006 0.007798462500000003 0.02946085972222221
7 0.25247523203125 0.41418502291666676 0.009748078124999983 0.02426188472222219
8 0.22664282421874998 0.40985254305555563 0.030219043749999976 0.01906290833333336
8 0.17692762421875 0.42544946944444445 0.008773270312500015 0.015596927777777757
1 0.19057493359375 0.5043005923611111 0.05946327812500001 0.06931966805555557
1 0.06921135703125002 0.5172980312500001 0.0643373171875 0.07798462916666667
1 0.2320042671875 0.5138320472222222 0.07798462812500002 0.07105266111111111
1 0.02047096484375 0.5138320472222222 0.0409419296875 0.09184856111111113
2 0.5132363308593749 0.5112325590277778 0.010722886718750059 0.03812581805555561
6 0.5127489265625 0.5242299979166667 0.011697695312500046 0.02946085694444444
7 0.5619767230468751 0.4791722131944444 0.01072288671874997 0.02252889305555554
1 0.5488168171875 0.5207640118055555 0.029244235937499943 0.05025675972222222
1 0.5624641273437501 0.5242299958333334 0.021445773437500027 0.03639282777777777
1 0.581472880078125 0.532028461111111 0.026319811718749975 0.048523769444444455
1 0.60828009609375 0.5354944430555556 0.04679077656250002 0.06585368611111109
1 0.6614071234375001 0.5441594020833334 0.09260674531249996 0.09358155416666665
1 0.7184333824218752 0.5744867569444444 0.06238770234375002 0.10571249444444446
1 0.8388221511718751 0.5692877819444445 0.21543253359375011 0.20622601666666676
1 0.9699338066406249 0.6568038652777778 0.05848847109374997 0.15943523888888894
7 0.47375661328125 0.48177170069444447 0.005848846875000025 0.017329918055555518
7 0.46449593828125 0.4653082784722222 0.004874039062499946 0.019062909722222247
7 0.41624295 0.4679077659722223 0.005848846874999936 0.013863934722222224
1 0.4362265109375001 0.5025676006944445 0.010722885937499971 0.017329918055555598
1 0.45328564921875003 0.5008346090277779 0.009748078124999983 0.02426188472222219
1 0.46059670781249995 0.5103660618055555 0.01267250156249995 0.02946085972222221
1 0.48155507578125 0.5120990548611112 0.03119385156250001 0.046790776388888844
1 0.41136891093750005 0.5025676006944445 0.013647309374999939 0.017329918055555598
1 0.39820900507812507 0.5051670868055556 0.012672502343750038 0.019062909722222167
1 0.36409073046875 0.5043005916666667 0.02047096406250004 0.02772786944444445
