8 0.518368059765625 0.2177217597222222 0.023862055468749956 0.016219963888888876
8 0.42572713906250004 0.2713723902777778 0.06737521406250001 0.07860441944444443
8 0.49415509257812507 0.26638163472222226 0.07088434140624998 0.08858593055555555
1 0.37530099882812507 0.3899028611111111 0.011931027343750024 0.017467649999999994
1 0.4009176179687501 0.38865517152777773 0.018247454687500043 0.02245840694444444
1 0.42232328398437496 0.39177439305555556 0.010527377343750022 0.016219955555555526
1 0.44443077460937497 0.3923982395833333 0.008421900781250003 0.012476893055555553
1 0.45846727890625005 0.39426977083333337 0.014036504687499996 0.011229199999999967
1 0.5630392265625 0.39801283888888894 0.011229201562500003 0.013724580555555517
1 0.553213673046875 0.3998843736111111 0.011229202343750001 0.017467649999999994
1 0.5339134816406251 0.39676515069444446 0.01754562734374998 0.01871533750000004
1 0.5009277019531251 0.4011320618055556 0.016141980468750018 0.019963026388888888
1 0.491453062109375 0.40861819722222226 0.02666935703124995 0.034935297222222224
1 0.3145931242187501 0.4098658895833333 0.0715861671875 0.0848428625
