8 0.49177848632812504 0.4328593604166667 0.009185988281249991 0.009526212499999945
1 0.274376744140625 0.5048892006944444 0.03980595390625 0.057157265277777786
1 0.22729854960937504 0.5021674243055556 0.07119141640625003 0.07893146527777775
1 0.168355120703125 0.5184980736111112 0.08190840390625001 0.08709678611111109
1 0.081088225 0.5219002881944445 0.11405936562499999 0.11295364305555554
1 0.496699554296875 0.4735887923611112 0.013778982031250032 0.019052420833333313
1 0.5460742468750001 0.4735887916666667 0.022199471874999956 0.03538306944444448
1 0.554604102734375 0.47679658402777775 0.0068894914062499705 0.02857863472222222
1 0.561110845703125 0.47679658194444446 0.012247985156250075 0.042187505555555546
1 0.569531336328125 0.4829205756944445 0.019902977343750017 0.05987903750000001
1 0.5879033140625 0.4910859000000001 0.0382749546875 0.0979838833333333
1 0.60359604453125 0.5060556597222222 0.034447459375000024 0.08981856111111108
1 0.66253947578125 0.5135405409722222 0.13396234218750003 0.18916332916666664
1 0.7932210992187501 0.5822653472222222 0.2931861515625001 0.2803427777777778
1 0.325665183984375 0.4933216590277778 0.04899194140624999 0.050352829166666724
1 0.48035069179687506 0.47699100763888885 0.02219947421875004 0.02313508194444446
1 0.5308736328125001 0.4722279041666667 0.014544482812500004 0.01633064444444443
1 0.40915927500000004 0.46056314930555564 0.10946636874999999 0.2165755041666667
1 0.016239515625000003 0.5176232000000001 0.032479031250000005 0.1646673611111111
