1 0.33951922734375 0.4127363625 0.015302274999999988 0.03230480277777777
1 0.283092087109375 0.42293787916666664 0.03443011796875002 0.05270783611111109
1 0.31513122578125 0.435689775 0.04877600156250002 0.06120910000000003
1 0.21327545703125003 0.44929179722222223 0.14345882812500002 0.1768262888888889
1 0.12863474921875 0.4373900277777778 0.027735373437500013 0.04760707777777782
1 0.554069884375 0.4644523930555555 0.11859263125000004 0.14112098055555555
1 0.09181365000000001 0.5134763541666667 0.18362730000000002 0.32418153888888884
1 0.4104516515625 0.5010078277777779 0.17693255468750002 0.24483639999999995
0 0.47819609453125 0.41174455833333334 0.009563921874999971 0.03230480277777777
0 0.4882382125 0.4244964527777778 0.008607529687499938 0.051007583333333335
0 0.5035404875 0.41344480972222225 0.008607529687500027 0.03230480277777777
0 0.49541115351562504 0.4202458208333334 0.009563921093750061 0.045906824999999984
0 0.51501719375 0.40749392569444454 0.008607529687499938 0.0306045513888889
0 0.6477963492187501 0.44234910694444446 0.024866196875000048 0.09011339722222221
0 0.663098623828125 0.4321475909722223 0.01912784296875003 0.0969144069444445
0 0.6774445062500001 0.42534657916666674 0.013389490625000012 0.0867128916666667
0 0.692268584375 0.42109594652777776 0.014345882812500044 0.09181365138888885
0 0.7659107839843751 0.37603924861111115 0.010520314843750002 0.018702780555555562
0 0.76112882265625 0.38624076597222223 0.03156094218750001 0.0459068236111111
0 0.74295737109375 0.39049139722222226 0.014345882812499955 0.03740556111111104
0 0.802731882421875 0.4278969583333334 0.019127842968749944 0.1326197166666667
0 0.598063925 0.39049139722222226 0.005738353125000018 0.02380353888888883
0 0.628668475 0.45566774444444447 0.03251733437500004 0.15302274999999999
0 0.702788898828125 0.42931382777777777 0.021997021093749947 0.12071794722222223
0 0.82504768125 0.43016395277777775 0.03825568750000006 0.1734257833333333
0 0.9790268234375001 0.37830624305555555 0.024866196874999958 0.07991188055555555
7 0.446635151953125 0.35166895347222227 0.007651136718750085 0.02210328472222227
7 0.298394362109375 0.3559195847222223 0.005738353906249972 0.020403033333333317
7 0.250574753125 0.3542193319444445 0.007651137499999994 0.017002527777777804
7 0.258225890234375 0.35676971319444445 0.007651136718749996 0.018702781944444444
8 0.30652369609375 0.08274563055555556 0.02199702187499999 0.03400505555555556
8 0.687645983203125 0.28535909583333335 0.01721506015624996 0.05950884722222224
8 0.568575156640625 0.32928229583333335 0.014345882031250047 0.03740556111111108
8 0.4603434500000001 0.31908078125 0.011476706249999948 0.030604551388888863
7 0.8293235292968749 0.23157442361111114 0.030604550781250062 0.06120909999999999
