8 0.79609375 0.4201388888888889 0.03125 0.0625
8 0.18984375 0.27708333333333335 0.046875 0.07916666666666666
8 0.634375 0.4527777777777778 0.025 0.03888888888888889
8 0.521484375 0.4277777777777778 0.025781250000000002 0.016666666666666666
7 0.555078125 0.44236111111111115 0.00703125 0.02361111111111111
7 0.4921875 0.42291666666666666 0.0078125 0.029166666666666667
7 0.251171875 0.4118055555555556 0.01015625 0.02361111111111111
8 0.225390625 0.4076388888888889 0.030468750000000003 0.018055555555555557
8 0.17578125 0.42291666666666666 0.009375000000000001 0.015277777777777779
1 0.18906250000000002 0.5027777777777778 0.059375000000000004 0.06944444444444445
1 0.06796875000000001 0.5152777777777778 0.06406250000000001 0.07777777777777778
1 0.230859375 0.5118055555555556 0.07734375 0.07083333333333333
1 0.01953125 0.5118055555555556 0.040625 0.09305555555555556
2 0.512109375 0.5090277777777777 0.01015625 0.0375
6 0.511328125 0.5222222222222223 0.01171875 0.030555555555555558
7 0.5609375 0.47708333333333336 0.010937500000000001 0.02361111111111111
1 0.5476562500000001 0.51875 0.029687500000000002 0.051388888888888894
1 0.5613281250000001 0.5222222222222223 0.02109375 0.036111111111111115
1 0.58046875 0.5298611111111111 0.026562500000000003 0.04861111111111111
1 0.60703125 0.5333333333333333 0.046875 0.06666666666666667
1 0.66015625 0.5423611111111112 0.0921875 0.09305555555555556
1 0.7171875000000001 0.5722222222222223 0.0625 0.10555555555555556
1 0.8375 0.5673611111111111 0.215625 0.20694444444444446
1 0.96875 0.6548611111111111 0.0578125 0.15972222222222224
7 0.47265625 0.4798611111111111 0.00625 0.018055555555555557
7 0.46328125000000003 0.46319444444444446 0.004687500000000001 0.018055555555555557
7 0.41523437500000004 0.4652777777777778 0.0054687500000000005 0.01388888888888889
1 0.43515625 0.5006944444444444 0.010937500000000001 0.018055555555555557
1 0.451953125 0.4986111111111111 0.01015625 0.025
1 0.45937500000000003 0.5083333333333333 0.0125 0.030555555555555558
1 0.48046875 0.5097222222222222 0.03125 0.04722222222222222
1 0.41015625 0.5006944444444444 0.0140625 0.018055555555555557
1 0.39687500000000003 0.5027777777777778 0.0125 0.019444444444444445
1 0.362890625 0.5027777777777778 0.02109375 0.02777777777777778
1 0.841015625 0.9319444444444445 0.03671875 0.10833333333333334
1 0.540234375 0.7375 0.01953125 0.08055555555555556
1 0.376953125 0.6277777777777778 0.022656250000000003 0.11666666666666667
1 0.70234375 0.8402777777777778 0.021875000000000002 0.12222222222222223
1 0.983984375 0.8138888888888889 0.025781250000000002 0.10555555555555556
1 0.82421875 0.7152777777777778 0.045312500000000006 0.0638888888888889
1 0.578515625 0.9333333333333333 0.03359375 0.1
1 0.393359375 0.763888888888889 0.04296875 0.075
