8 0.49062500000000003 0.43125 0.009375000000000001 0.009722222222222222
1 0.273046875 0.5027777777777778 0.039843750000000004 0.058333333333333334
1 0.22617187500000002 0.5 0.07109375 0.07777777777777778
1 0.16718750000000002 0.5159722222222223 0.08125 0.08750000000000001
1 0.07968750000000001 0.5201388888888889 0.11406250000000001 0.1125
1 0.49531250000000004 0.4715277777777778 0.0140625 0.018055555555555557
1 0.544921875 0.4715277777777778 0.022656250000000003 0.034722222222222224
1 0.5535156250000001 0.47500000000000003 0.00703125 0.02777777777777778
1 0.56015625 0.47500000000000003 0.0125 0.04166666666666667
1 0.568359375 0.48125 0.01953125 0.059722222222222225
1 0.587109375 0.48888888888888893 0.03828125 0.09722222222222222
1 0.6023437500000001 0.5041666666666667 0.034375 0.08888888888888889
1 0.661328125 0.5111111111111112 0.13359375 0.18888888888888888
1 0.7917968750000001 0.5805555555555556 0.29296875 0.28055555555555556
1 0.32460937500000003 0.4916666666666667 0.049218750000000006 0.05
1 0.479296875 0.47500000000000003 0.022656250000000003 0.022222222222222223
1 0.5296875 0.4701388888888889 0.0140625 0.015277777777777779
1 0.4078125 0.45833333333333337 0.109375 0.21666666666666667
1 0.015234375000000001 0.5152777777777778 0.032031250000000004 0.1638888888888889
1 0.5496093750000001 0.7583333333333334 0.03671875 0.08611111111111111
1 0.3765625 0.6027777777777777 0.0421875 0.06944444444444445
1 0.40351562500000004 0.8395833333333333 0.02890625 0.051388888888888894
1 0.483203125 0.8013888888888889 0.04296875 0.0638888888888889
1 0.714453125 0.9083333333333333 0.022656250000000003 0.11666666666666667
1 0.780859375 0.8020833333333334 0.02890625 0.06527777777777778
1 0.7664062500000001 0.9347222222222222 0.025 0.1277777777777778
1 0.512890625 0.6527777777777778 0.030468750000000003 0.125
